1341091857
1127729726
1145523618
1137194336
1002367120
824942910
781554019
761549500
794839695
999041690
1064545676
923519736
789550427
797550531
827145840
1265807023
986233064
1042768990
1505386913
943884203
974385570
983038578
1019293177
772301649
1520008065
1023001021
830156722
1475222883
972076865
999916527
805797261
1451630212
968339705
753223656
1310172933
988280535
838173189
761607049
820606078
797914012
1137438625
996886471
1004792767
863369948
1861846823
1014182570
756695870
1574738567
1030744761
1000957551
1468693792
1540452358
1473143512
1499013800
854652308
750417731
813068830
1165370337
975095425
1530531334
886176579
788145511
811432679
811407750
1021473761
990980252
1061084218
967065540
981815310
953976441
1011999477
905585147
839840757
807831508
777713524
789152279
1483494361
901610838
40015366643
40014330332
40001149522
40001525734
40001387026
40014048810
1397254174
1113254438
1178527122
1199080806
990652573
986913883
1063437140
868016625
1543700935
791947169
1053472655
804533607
1064967107
771040014
1084792201
898080345
1049843013
864394590
1401758206
856217481
972981602
805917265
1006957179
827937073
1019120229
800104092
998898948
853098459
988280666
1065863359
954127022
848032796
1024638952
829588681
1037806478
1267167634
1007268125
769846474
997877551
820400393
1096309608
1068391576
782091783
971170646
1033708389
762985708
1444179782
1028548591
996613629
992965078
933782459
1068598458
807233247
1568107669
991973496
1011413608
1100044317
1298149737
1052147262
909317877
1896829243
1013299402
857106254
1369136368
990581870
2241851858
999780878
828315271
987995702
1026296769
804291916
1456567966
949884420
1419089026
1063924532
1239063509
1071629899
996738979
1099690481
1049596341
720296741
1427822237
954890522
820352645
1464135476
960793431
953362682
853600853
716490133
947791014
1196444794
922167773
2043300413
930059872
1056828018
731678749
1421115527
1023083303
